//Hasil Perhitungan Poin

Array size: 100
Array: [164, 29, 7, 190, 71, 63, 58, 36, 189, 27, 174, 190, 140, 23, 152, 109, 9, 8, 24, 56, 60, 130, 155, 7, 144, 51, 184, 167, 180, 140, 108, 57, 115, 151, 72, 2, 41, 179, 109, 88, 72, 40, 56, 87, 27, 24, 98, 25, 92, 89, 155, 68, 12, 187, 118, 138, 32, 97, 21, 142, 76, 161, 159, 93, 148, 50, 181, 18, 12, 170, 59, 75, 21, 60, 26, 98, 72, 117, 163, 94, 42, 95, 91, 54, 172, 69, 180, 175, 166, 19, 156, 163, 44, 137, 187, 63, 42, 119, 98, 70]
Unique: False
Duplicate elements: {98, 163, 7, 72, 42, 140, 109, 155, 12, 187, 180, 21, 56, 24, 27, 60, 190, 63}
--------------------------------------------------
Array size: 100
Array: [164, 29, 7, 190, 71, 63, 58, 36, 189, 27, 174, 190, 140, 23, 152, 109, 9, 8, 24, 56, 60, 130, 155, 7, 144, 51, 184, 167, 180, 140, 108, 57, 115, 151, 72, 2, 41, 179, 109, 88, 72, 40, 56, 87, 27, 24, 98, 25, 92, 89, 155, 68, 12, 187, 118, 138, 32, 97, 21, 142, 76, 161, 159, 93, 148, 50, 181, 18, 12, 170, 59, 75, 21, 60, 26, 98, 72, 117, 163, 94, 42, 95, 91, 54, 172, 69, 180, 175, 166, 19, 156, 163, 44, 137, 187, 63, 42, 119, 98, 70]
Unique: False
Duplicate elements: {98, 163, 7, 72, 42, 140, 109, 155, 12, 187, 180, 21, 56, 24, 27, 60, 190, 63}
--------------------------------------------------
Array size: 100
Array: [164, 29, 7, 190, 71, 63, 58, 36, 189, 27, 174, 190, 140, 23, 152, 109, 9, 8, 24, 56, 60, 130, 155, 7, 144, 51, 184, 167, 180, 140, 108, 57, 115, 151, 72, 2, 41, 179, 109, 88, 72, 40, 56, 87, 27, 24, 98, 25, 92, 89, 155, 68, 12, 187, 118, 138, 32, 97, 21, 142, 76, 161, 159, 93, 148, 50, 181, 18, 12, 170, 59, 75, 21, 60, 26, 98, 72, 117, 163, 94, 42, 95, 91, 54, 172, 69, 180, 175, 166, 19, 156, 163, 44, 137, 187, 63, 42, 119, 98, 70]
Unique: False
Duplicate elements: {98, 163, 7, 72, 42, 140, 109, 155, 12, 187, 180, 21, 56, 24, 27, 60, 190, 63}
--------------------------------------------------
Array size: 100
Array: [164, 29, 7, 190, 71, 63, 58, 36, 189, 27, 174, 190, 140, 23, 152, 109, 9, 8, 24, 56, 60, 130, 155, 7, 144, 51, 184, 167, 180, 140, 108, 57, 115, 151, 72, 2, 41, 179, 109, 88, 72, 40, 56, 87, 27, 24, 98, 25, 92, 89, 155, 68, 12, 187, 118, 138, 32, 97, 21, 142, 76, 161, 159, 93, 148, 50, 181, 18, 12, 170, 59, 75, 21, 60, 26, 98, 72, 117, 163, 94, 42, 95, 91, 54, 172, 69, 180, 175, 166, 19, 156, 163, 44, 137, 187, 63, 42, 119, 98, 70]
Unique: False
Duplicate elements: {98, 163, 7, 72, 42, 140, 109, 155, 12, 187, 180, 21, 56, 24, 27, 60, 190, 63}
--------------------------------------------------
Array size: 100
Array: [164, 29, 7, 190, 71, 63, 58, 36, 189, 27, 174, 190, 140, 23, 152, 109, 9, 8, 24, 56, 60, 130, 155, 7, 144, 51, 184, 167, 180, 140, 108, 57, 115, 151, 72, 2, 41, 179, 109, 88, 72, 40, 56, 87, 27, 24, 98, 25, 92, 89, 155, 68, 12, 187, 118, 138, 32, 97, 21, 142, 76, 161, 159, 93, 148, 50, 181, 18, 12, 170, 59, 75, 21, 60, 26, 98, 72, 117, 163, 94, 42, 95, 91, 54, 172, 69, 180, 175, 166, 19, 156, 163, 44, 137, 187, 63, 42, 119, 98, 70]
Unique: False
Duplicate elements: {98, 163, 7, 72, 42, 140, 109, 155, 12, 187, 180, 21, 56, 24, 27, 60, 190, 63}
--------------------------------------------------
Array size: 100
Array: [164, 29, 7, 190, 71, 63, 58, 36, 189, 27, 174, 190, 140, 23, 152, 109, 9, 8, 24, 56, 60, 130, 155, 7, 144, 51, 184, 167, 180, 140, 108, 57, 115, 151, 72, 2, 41, 179, 109, 88, 72, 40, 56, 87, 27, 24, 98, 25, 92, 89, 155, 68, 12, 187, 118, 138, 32, 97, 21, 142, 76, 161, 159, 93, 148, 50, 181, 18, 12, 170, 59, 75, 21, 60, 26, 98, 72, 117, 163, 94, 42, 95, 91, 54, 172, 69, 180, 175, 166, 19, 156, 163, 44, 137, 187, 63, 42, 119, 98, 70]
Unique: False
Duplicate elements: {98, 163, 7, 72, 42, 140, 109, 155, 12, 187, 180, 21, 56, 24, 27, 60, 190, 63}
--------------------------------------------------
Array size: 100
Array: [164, 29, 7, 190, 71, 63, 58, 36, 189, 27, 174, 190, 140, 23, 152, 109, 9, 8, 24, 56, 60, 130, 155, 7, 144, 51, 184, 167, 180, 140, 108, 57, 115, 151, 72, 2, 41, 179, 109, 88, 72, 40, 56, 87, 27, 24, 98, 25, 92, 89, 155, 68, 12, 187, 118, 138, 32, 97, 21, 142, 76, 161, 159, 93, 148, 50, 181, 18, 12, 170, 59, 75, 21, 60, 26, 98, 72, 117, 163, 94, 42, 95, 91, 54, 172, 69, 180, 175, 166, 19, 156, 163, 44, 137, 187, 63, 42, 119, 98, 70]
Unique: False
Duplicate elements: {98, 163, 7, 72, 42, 140, 109, 155, 12, 187, 180, 21, 56, 24, 27, 60, 190, 63}
--------------------------------------------------
Array size: 100
Array: [164, 29, 7, 190, 71, 63, 58, 36, 189, 27, 174, 190, 140, 23, 152, 109, 9, 8, 24, 56, 60, 130, 155, 7, 144, 51, 184, 167, 180, 140, 108, 57, 115, 151, 72, 2, 41, 179, 109, 88, 72, 40, 56, 87, 27, 24, 98, 25, 92, 89, 155, 68, 12, 187, 118, 138, 32, 97, 21, 142, 76, 161, 159, 93, 148, 50, 181, 18, 12, 170, 59, 75, 21, 60, 26, 98, 72, 117, 163, 94, 42, 95, 91, 54, 172, 69, 180, 175, 166, 19, 156, 163, 44, 137, 187, 63, 42, 119, 98, 70]
Unique: False
Duplicate elements: {98, 163, 7, 72, 42, 140, 109, 155, 12, 187, 180, 21, 56, 24, 27, 60, 190, 63}
--------------------------------------------------